337,114,864,114,864,142,337,142
922,117,962,117,962,142,922,142
441,154,472,153,513,152,568,153,616,154,672,158,703,160,703,177,673,175,615,171,568,170,514,170,472,170,441,171
835,150,1002,150,1002,175,835,175
395,327,742,327,742,372,395,372
495,376,637,379,637,405,494,402
458,439,482,432,510,425,558,423,586,425,636,430,658,435,655,448,633,444,584,438,558,437,512,439,485,445,461,452
150,446,199,447,326,445,396,448,490,447,633,446,682,445,681,472,632,473,491,474,396,475,326,472,200,474,151,472
749,448,771,449,802,449,835,450,875,446,901,446,929,444,931,467,903,470,875,470,837,473,800,472,772,472,750,471
138,494,174,493,259,492,338,490,393,488,463,487,500,485,499,505,462,507,393,509,339,511,259,513,174,514,137,515
638,492,675,492,735,491,803,493,878,491,957,490,994,488,994,509,957,510,878,511,804,514,733,511,674,513,637,512
142,519,927,525,927,571,142,566
135,557,700,557,700,587,135,587
80,585,95,585,95,812,80,812
131,599,302,593,303,624,132,629
497,607,535,603,598,602,648,598,683,599,733,599,776,601,774,626,731,624,683,624,649,623,599,627,534,628,496,632
132,635,702,635,702,710,132,710
132,672,302,672,302,705,132,705
790,680,965,680,965,705,790,705
180,722,229,720,436,711,548,714,728,714,895,727,944,730,944,758,895,755,728,743,548,743,436,740,229,749,180,751
131,802,174,797,221,797,298,789,340,795,399,792,442,794,439,819,396,816,341,820,299,814,221,822,174,822,131,827
479,787,558,798,553,828,475,816
131,832,294,826,295,857,132,862
459,838,486,836,528,836,578,832,635,831,661,833,704,837,702,861,659,857,636,855,578,855,529,860,487,860,459,861
787,835,965,835,965,860,787,860
82,872,97,872,97,1005,82,1005
180,876,229,875,433,866,566,866,723,872,902,879,951,883,952,912,903,908,723,901,566,894,434,895,229,903,180,905
160,955,209,949,426,956,523,942,668,944,848,945,897,946,896,974,847,973,668,972,523,970,426,984,209,977,160,983
480,989,500,985,530,987,561,979,593,983,629,983,655,988,652,1016,626,1011,593,1012,560,1007,533,1016,498,1013,478,1017
429,1024,461,1024,501,1024,535,1024,578,1023,610,1023,648,1022,642,1045,605,1046,578,1046,536,1047,501,1047,462,1047,429,1047
129,1034,157,1031,202,1027,257,1027,305,1027,338,1031,374,1035,374,1056,337,1053,305,1048,259,1049,201,1048,156,1053,128,1056
135,1070,215,1070,215,1087,135,1087
422,1156,464,1146,510,1140,567,1131,618,1132,683,1133,719,1135,712,1166,676,1164,618,1163,569,1162,517,1171,459,1177,417,1187
735,1134,825,1137,824,1165,734,1162
132,1142,397,1142,397,1167,132,1167
568,1177,582,1172,594,1170,603,1169,612,1171,628,1170,642,1172,636,1198,622,1196,614,1198,603,1196,594,1197,586,1199,572,1204
130,1183,167,1182,222,1182,288,1181,335,1182,393,1180,429,1179,429,1199,392,1200,335,1202,289,1201,221,1202,167,1202,130,1203
156,1266,189,1267,226,1266,271,1267,310,1267,359,1264,382,1264,383,1289,360,1289,310,1293,270,1292,226,1291,189,1292,157,1291
647,1267,972,1267,972,1295,647,1295
182,1298,205,1297,239,1299,274,1296,312,1297,330,1297,363,1298,362,1321,329,1320,312,1320,275,1319,240,1322,204,1320,182,1321
732,1298,765,1299,814,1298,861,1300,908,1298,957,1299,994,1298,994,1317,958,1318,908,1317,861,1319,814,1317,764,1318,731,1317
204,1343,224,1340,246,1339,269,1336,287,1335,317,1334,331,1332,332,1359,318,1361,289,1362,272,1363,247,1365,225,1367,205,1369
141,1442,454,1429,456,1475,143,1488
829,1487,841,1484,867,1481,882,1479,900,1483,927,1482,939,1483,940,1507,927,1505,900,1506,880,1503,870,1504,842,1507,830,1510
852,1512,1014,1512,1014,1542,852,1542
